440154
146094
214805
242064
68805
840413
880744
665542
715791
711765
566218
311075
463844
974179
762386
640688
330993
874114
789824
352623
970610
741702
881467
474259
848109
316974
571536
928863
186546
786738
746463
259512
796953
687764
808920
97816
875615
721038
739450
542671
564722
532527
730135
31275
735521
808442
397143
717362
456520
294366
78597
726124
765788
316003
590307
182274
413209
984856
896779
654109
677360
699265
84870
39490
959216
835705
415806
983011
135863
902156
791991
77253
266877
487726
211131
805363
821880
734985
93725
244202
229136
126596
840532
514887
176187
922928
368267
736876
622178
505661
669027
190970
417400
130660
940435
786771
765870
816151
813671
730237
226419
833676
709883
958877
233311
732440
106743
818659
508477
909427
218434
284366
518965
8186
96389
805707
837432
24273
16828
257565
571040
704357
380795
962736
926295
941663
559603
881869
589214
89789
504903
30280
161456
900951
648899
18694
331996
645551
122529
640724
115962
579531
259454
450965
974840
757992
581163
638456
309499
224257
