147040
113157
9548
341829
275018
614193
653811
208383
837680
625956
237375
408501
391232
42800
786062
2341
733655
27134
446588
72184
744948
315364
842457
329611
188396
690997
650159
890920
147130
736440
74565
411465
384613
491995
996826
198848
511800
315262
92616
11525
59875
802933
991913
653205
787
721416
903228
655899
61569
967510
908211
477303
446798
189190
407569
487196
213732
553260
474138
22065
624955
463299
931416
127865
961850
897665
421864
683595
119048
215204
163837
807794
301580
309342
742198
713255
948723
671255
74471
930153
949171
439111
41245
162153
374780
628982
657725
636397
276124
38658
967141
270863
394586
626244
572545
241483
350911
935726
248622
903837
443931
733487
105380
305607
873033
477093
279432
521436
327532
13841
206347
735908
988290
552541
128088
838857
934302
698882
521195
153391
667892
115026
141934
189737
359734
687503
381495
756392
106712
217165
765556
836419
416466
606871
179990
832827
145135
338803
952036
425326
186117
613454
164577
583278
345531
834244
226950
736044
608502
922492
