440154
146094
214805
242064
68805
840413
880744
665542
715791
711765
566218
311075
463844
974179
762386
640688
330993
874114
789824
352623
970610
741702
881467
474259
848109
316974
571536
928863
186546
786738
746463
259512
796953
687764
808920
97816
875615
721038
739450
542671
564722
532527
730135
31275
735521
808442
397143
717362
456520
294366
78597
726124
765788
316003
590307
182274
413209
984856
896779
654109
677360
699265
84870
39490
959216
835705
415806
983011
135863
902156
791991
77253
266877
487726
211131
805363
821880
734985
93725
244202
229136
126596
840532
514887
176187
922928
368267
736876
622178
505661
669027
190970
417400
130660
940435
786771
765870
816151
813671
730237
226419
833676
709883
958877
233311
732440
106743
818659
508477
909427
218434
284366
518965
8186
96389
805707
837432
24273
16828
257565
571040
704357
380795
962736
926295
941663
559603
881869
589214
89789
504903
30280
161456
900951
648899
18694
331996
645551
122529
640724
115962
579531
259454
450965
974840
757992
581163
638456
309499
224257
147040
113157
9548
341829
275018
614193
653811
208383
837680
625956
237375
408501
391232
42800
786062
2341
733655
27134
446588
72184
744948
315364
842457
329611
188396
690997
650159
890920
147130
736440
74565
411465
384613
491995
996826
198848
511800
315262
92616
11525
59875
802933
991913
653205
787
721416
903228
655899
61569
967510
908211
477303
446798
189190
407569
487196
213732
553260
474138
22065
624955
463299
931416
127865
961850
897665
421864
683595
119048
215204
163837
807794
301580
309342
742198
713255
948723
671255
74471
930153
949171
439111
41245
162153
374780
628982
657725
636397
276124
38658
967141
270863
394586
626244
572545
241483
350911
935726
248622
903837
443931
733487
105380
305607
873033
477093
279432
521436
327532
13841
206347
735908
988290
552541
128088
838857
934302
698882
521195
153391
667892
115026
141934
189737
359734
687503
381495
756392
106712
217165
765556
836419
416466
606871
179990
832827
145135
338803
952036
425326
186117
613454
164577
583278
345531
834244
226950
736044
608502
922492
